y std_ca anch_ca std_delta std_lo std_hi anch_delta anch_lo anch_hi std_err anch_err
1 11.4000 8.8500 -0.0667 -2.0500 1.9167 0.4333 -1.5500 2.4167 1.9833 1.9833
2 10.0833 8.1667 -1.3833 -3.3667 0.6000 -0.2500 -2.2333 1.7333 1.9833 1.9833
3 10.7667 9.4167 -0.7000 -2.6833 1.2833 1.0000 -0.9833 2.9833 1.9833 1.9833
4 11.4667 8.4167 0.0000 -1.9833 1.9833 0.0000 -1.9833 1.9833 1.9833 1.9833
5 11.4667 8.4167 0.0000 -1.9833 1.9833 0.0000 -1.9833 1.9833 1.9833 1.9833
6 11.4667 8.4167 0.0000 -1.9833 1.9833 0.0000 -1.9833 1.9833 1.9833 1.9833
7 14.4333 11.3500 2.9667 0.9833 4.9500 2.9333 0.9500 4.9167 1.9833 1.9833
8 11.3000 8.4333 -0.1667 -2.1500 1.8167 0.0167 -1.9667 2.0000 1.9833 1.9833
9 11.3000 8.4333 -0.1667 -2.1500 1.8167 0.0167 -1.9667 2.0000 1.9833 1.9833
10 11.1500 8.4500 -0.3167 -2.3000 1.6667 0.0333 -1.9500 2.0167 1.9833 1.9833
11 12.0000 9.1167 0.5333 -1.4500 2.5167 0.7000 -1.2833 2.6833 1.9833 1.9833
12 12.0500 9.3500 0.5833 -1.4000 2.5667 0.9333 -1.0500 2.9167 1.9833 1.9833
13 11.4667 8.4167 0.0000 -1.9833 1.9833 0.0000 -1.9833 1.9833 1.9833 1.9833
14 11.4667 8.4167 0.0000 -1.9833 1.9833 0.0000 -1.9833 1.9833 1.9833 1.9833
15 11.3167 8.4333 -0.1500 -2.1333 1.8333 0.0167 -1.9667 2.0000 1.9833 1.9833
16 11.3167 8.4333 -0.1500 -2.1333 1.8333 0.0167 -1.9667 2.0000 1.9833 1.9833
17 11.1500 8.5833 -0.3167 -2.3000 1.6667 0.1667 -1.8167 2.1500 1.9833 1.9833
