r identity twosided sharedw lowrank
0.000 62.1714 61.7714 62.3667 74.1381
0.005 61.8810 61.5571 62.1381 73.8429
0.010 61.6667 61.3286 61.8905 73.5000
0.015 61.4476 61.0857 61.6571 73.2190
0.020 61.2095 60.8857 61.3762 72.8762
0.025 60.9048 60.5952 61.1476 72.5095
0.030 60.6048 60.3571 60.8857 72.1810
0.035 60.3048 60.0762 60.6143 71.8000
0.040 60.0476 59.8810 60.3571 71.4667
0.045 59.7143 59.6619 60.1048 71.0905
0.050 59.5048 59.4286 59.8048 70.7476
0.055 59.2333 59.2333 59.5286 70.3952
0.060 59.0048 58.9619 59.2333 70.0190
0.065 58.7857 58.7190 59.0143 69.6286
0.070 58.5571 58.4286 58.7667 69.3286
0.075 58.3333 58.1762 58.4524 69.0429
0.080 58.0952 57.9381 58.1810 68.7810
0.085 57.8190 57.6952 57.8143 68.4095
0.090 57.5952 57.4476 57.5238 68.0476
0.095 57.3048 57.1952 57.2810 67.7429
0.100 57.0810 56.9714 56.9952 67.3286
0.105 56.8429 56.7000 56.7905 66.9810
0.110 56.5952 56.4048 56.5333 66.6952
0.115 56.3857 56.1476 56.2905 66.3571
0.120 56.0952 55.9143 56.0381 65.9905
0.125 55.8571 55.6238 55.7905 65.6667
0.130 55.5762 55.3857 55.5524 65.3524
0.135 55.2905 55.1667 55.2857 65.0143
0.140 55.0619 54.8905 55.0381 64.7143
0.145 54.7810 54.6524 54.8190 64.3571
0.150 54.4667 54.4524 54.5667 64.0238
0.155 54.2381 54.1476 54.3190 63.6667
0.160 53.9762 53.9238 54.0667 63.3286
0.165 53.7667 53.7143 53.7857 62.9810
0.170 53.4810 53.4381 53.5762 62.7095
0.175 53.2429 53.1619 53.3190 62.2810
0.180 52.9952 52.9048 53.0952 61.8952
0.185 52.8286 52.6476 52.8143 61.5429
0.190 52.5762 52.4190 52.5952 61.2143
0.195 52.3524 52.1619 52.3619 60.8238
0.200 52.0857 51.9571 52.0810 60.4429
0.205 51.8238 51.6857 51.8381 60.1000
0.210 51.5333 51.4143 51.5524 59.7619
0.215 51.3048 51.1667 51.2619 59.4143
0.220 51.0524 50.8857 51.0810 59.0238
0.225 50.8095 50.6667 50.8619 58.6000
0.230 50.5381 50.4048 50.5762 58.2095
0.235 50.2905 50.1571 50.3905 57.8190
0.240 50.0524 49.9286 50.0952 57.3905
0.245 49.8476 49.6524 49.8429 57.0286
0.250 49.5333 49.4238 49.5286 56.6524
0.255 49.2714 49.1381 49.2857 56.2571
0.260 48.9714 48.8952 49.0000 55.8762
0.265 48.7238 48.6238 48.6524 55.4857
0.270 48.5143 48.3952 48.4333 55.1190
0.275 48.2619 48.1238 48.1381 54.6333
0.280 47.9905 47.8238 47.8095 54.1143
0.285 47.7143 47.5667 47.5381 53.6905
0.290 47.3905 47.3095 47.1714 53.2571
0.295 47.1571 47.0619 46.9048 52.8952
0.300 46.6619 46.6524 46.4905 52.3095
0.305 46.3095 46.2524 46.1857 51.6857
0.310 46.1238 46.0952 45.9762 51.3429
0.315 45.6905 45.6476 45.4905 50.6571
0.320 45.4048 45.3571 45.2000 50.2857
0.325 45.0476 44.9143 44.9000 49.8381
0.330 44.5952 44.4952 44.4000 49.2952
0.335 44.0143 43.8714 43.6619 48.3667
0.340 44.0143 43.8714 43.6619 48.3667
0.345 42.7952 42.6429 42.4905 46.8143
0.350 42.7952 42.6429 42.4905 46.8143
0.355 0.0000 0.0000 0.0000 0.0000
