r identity twosided sharedw lowrank
0.000 50.5381 50.0667 51.1429 62.5190
0.005 50.4143 49.9429 51.0095 62.3476
0.010 50.3000 49.8381 50.8667 62.1905
0.015 50.1905 49.7619 50.7429 62.0095
0.020 50.0810 49.6667 50.5857 61.8000
0.025 49.9333 49.4905 50.4333 61.5476
0.030 49.8095 49.3476 50.2286 61.3429
0.035 49.6524 49.2190 50.0714 61.1714
0.040 49.5095 49.1381 49.9667 60.9714
0.045 49.3714 48.9905 49.8381 60.7524
0.050 49.2238 48.8667 49.7048 60.5667
0.055 49.1000 48.7286 49.5095 60.3762
0.060 48.9476 48.6333 49.3667 60.2190
0.065 48.8190 48.5000 49.2095 60.0524
0.070 48.7048 48.3190 49.0381 59.9095
0.075 48.5714 48.2000 48.8952 59.7714
0.080 48.4619 48.0714 48.7524 59.5476
0.085 48.3143 47.9429 48.6238 59.3429
0.090 48.1619 47.8143 48.4619 59.1476
0.095 48.0190 47.7000 48.2571 58.9476
0.100 47.8857 47.5429 48.1524 58.7381
0.105 47.7762 47.4000 47.9857 58.5238
0.110 47.6143 47.3048 47.7952 58.3381
0.115 47.4952 47.1714 47.7238 58.1476
0.120 47.3524 47.0857 47.6000 57.9524
0.125 47.2143 46.9190 47.4762 57.7333
0.130 47.0619 46.7619 47.2952 57.5905
0.135 46.9619 46.6286 47.1238 57.3810
0.140 46.7952 46.4762 46.9571 57.1905
0.145 46.6667 46.3905 46.8286 56.9762
0.150 46.5381 46.2476 46.7143 56.7476
0.155 46.4190 46.0905 46.5667 56.5667
0.160 46.3238 45.9524 46.4143 56.3238
0.165 46.1905 45.8143 46.2714 56.1714
0.170 46.0476 45.6571 46.1286 55.9667
0.175 45.9381 45.5429 45.9905 55.7571
0.180 45.8190 45.4095 45.8286 55.5905
0.185 45.6905 45.2619 45.6571 55.3714
0.190 45.5476 45.1429 45.5095 55.2048
0.195 45.4000 44.9952 45.3857 55.0286
0.200 45.2238 44.8381 45.2190 54.8333
0.205 45.0524 44.7095 45.0952 54.6762
0.210 44.9238 44.6000 44.9571 54.4667
0.215 44.7667 44.4857 44.8095 54.2286
0.220 44.6714 44.3381 44.6714 54.0429
0.225 44.5333 44.2048 44.5048 53.8524
0.230 44.3905 44.0333 44.3429 53.6429
0.235 44.2619 43.9048 44.2048 53.4095
0.240 44.0857 43.7714 44.0667 53.1905
0.245 43.9619 43.6095 43.9238 53.0000
0.250 43.8143 43.4619 43.7810 52.7857
0.255 43.6857 43.3476 43.6571 52.5619
0.260 43.5714 43.2095 43.5143 52.3952
0.265 43.3952 43.1000 43.3524 52.1810
0.270 43.2333 42.9857 43.2048 51.9667
0.275 43.0905 42.8571 43.0190 51.7381
0.280 42.9524 42.7429 42.8714 51.5143
0.285 42.8000 42.5952 42.8000 51.2095
0.290 42.6286 42.4476 42.6952 51.0190
0.295 42.4667 42.2857 42.5667 50.8667
0.300 42.3286 42.1286 42.3571 50.6571
0.305 42.2381 42.0143 42.2238 50.4952
0.310 42.1238 41.8476 42.0429 50.3048
0.315 41.9905 41.6952 41.8667 50.1000
0.320 41.8905 41.5238 41.6810 49.9429
0.325 41.7857 41.4143 41.5667 49.7238
0.330 41.6571 41.2667 41.4190 49.5095
0.335 41.5095 41.0762 41.3286 49.3429
0.340 41.3667 40.9143 41.1524 49.1381
0.345 41.2524 40.7381 41.0476 48.9381
0.350 41.1143 40.5857 40.8429 48.7952
0.355 40.9286 40.4286 40.6905 48.5524
0.360 40.7286 40.3190 40.5810 48.4000
0.365 40.6333 40.1714 40.4619 48.1857
0.370 40.4714 40.0381 40.3429 48.0048
0.375 40.3714 39.9095 40.1857 47.8429
0.380 40.1857 39.8095 40.0333 47.6143
0.385 40.0238 39.6857 39.9286 47.4000
0.390 39.8905 39.5524 39.7381 47.1905
0.395 39.7286 39.4333 39.5238 46.9714
0.400 39.6143 39.3286 39.3476 46.7857
0.405 39.4476 39.1905 39.1905 46.6286
0.410 39.2714 39.0524 39.0381 46.4762
0.415 39.1381 38.8762 38.8238 46.2714
0.420 38.9857 38.7524 38.6857 46.0714
0.425 38.8190 38.6190 38.5048 45.9048
0.430 38.6810 38.4619 38.3000 45.6905
0.435 38.5619 38.3190 38.1810 45.5048
0.440 38.4381 38.1905 38.0810 45.3095
0.445 38.2810 38.0095 37.8810 45.1333
0.450 38.1381 37.8667 37.7714 44.8857
0.455 37.9762 37.7381 37.6143 44.6429
0.460 37.8429 37.5571 37.4857 44.4286
0.465 37.6667 37.4238 37.2905 44.2476
0.470 37.4714 37.2286 37.1381 44.0429
0.475 37.3333 37.0571 36.9429 43.9095
0.480 37.1667 36.8714 36.7381 43.6429
0.485 37.0143 36.7238 36.6095 43.5095
0.490 36.8381 36.5667 36.3905 43.2857
0.495 36.6952 36.4000 36.2476 43.0952
0.500 36.5381 36.2048 36.1000 42.8857
0.505 36.3381 36.0048 35.8905 42.6667
0.510 36.1905 35.8714 35.7952 42.5190
0.515 36.0238 35.7810 35.6619 42.3286
0.520 35.8524 35.6333 35.4762 42.0619
0.525 35.6952 35.4524 35.2810 41.8476
0.530 35.5714 35.3524 35.2095 41.7000
0.535 35.3619 35.1905 34.9810 41.5238
0.540 35.2143 34.9952 34.7619 41.2905
0.545 35.1143 34.9095 34.6095 41.1667
0.550 34.9190 34.7429 34.4190 40.8667
0.555 34.7619 34.6095 34.2667 40.6714
0.560 34.6143 34.4476 34.1143 40.4381
0.565 34.4190 34.2905 33.9143 40.2476
0.570 34.2667 34.1238 33.6762 40.0762
0.575 34.1333 33.9714 33.5190 39.8905
0.580 33.9143 33.7667 33.2857 39.6190
0.585 33.8048 33.6619 33.1857 39.4381
0.590 33.5190 33.3762 32.9333 39.2238
0.595 33.3905 33.2762 32.8048 39.0905
0.600 33.0381 32.9571 32.5476 38.8000
0.605 32.9048 32.7571 32.4190 38.6238
0.610 32.7571 32.6095 32.2381 38.4571
0.615 32.5667 32.4619 32.0810 38.2762
0.620 32.1476 32.1095 31.7000 37.8095
0.625 31.9524 31.9429 31.5143 37.5952
0.630 31.7381 31.7286 31.2619 37.3190
0.635 31.7381 31.7286 31.2619 37.3190
0.640 31.5190 31.4667 31.0476 37.0905
0.645 31.2190 31.2286 30.7095 36.8095
0.650 30.9000 30.9143 30.3476 36.4476
0.655 30.5571 30.5476 29.9238 36.1190
0.660 30.5571 30.5476 29.9238 36.1190
0.665 30.1190 30.0857 29.4381 35.6714
0.670 30.1190 30.0857 29.4381 35.6714
0.675 29.5714 29.6143 28.8857 35.1571
0.680 29.5714 29.6143 28.8857 35.1571
0.685 28.8762 28.9714 28.2286 34.4095
0.690 28.8762 28.9714 28.2286 34.4095
0.695 27.9571 28.0762 27.3333 33.2762
0.700 27.9571 28.0762 27.3333 33.2762
0.705 27.9571 28.0762 27.3333 33.2762
0.710 27.9571 28.0762 27.3333 33.2762
0.715 26.2143 26.4286 25.6190 31.2905
0.720 26.2143 26.4286 25.6190 31.2905
0.725 26.2143 26.4286 25.6190 31.2905
0.730 26.2143 26.4286 25.6190 31.2905
0.735 0.0000 0.0000 0.0000 0.0000
